1.222286e-04
1.267519e-04
1.462693e-04
1.226847e-04
1.181924e-04
1.248417e-04
1.267459e-04
1.239085e-04
1.318431e-04
1.257067e-04
1.239057e-04
1.273637e-04
1.141999e-04
1.192057e-04
1.414757e-04
1.184394e-04
1.179113e-04
1.358147e-04
1.122582e-04
1.203582e-04
1.103277e-04
1.161051e-04
1.147275e-04
1.133645e-04
1.122820e-04
1.152120e-04
1.116288e-04
1.150198e-04
1.106596e-04
1.117101e-04
1.174817e-04
1.157045e-04
1.050642e-04
1.008205e-04
1.011794e-04
1.043940e-04
1.057987e-04
1.016455e-04
1.153243e-04
1.063361e-04
1.093047e-04
1.065373e-04
9.901834e-05
1.002498e-04
1.023922e-04
1.008661e-04
1.030326e-04
1.004262e-04
1.101138e-04
1.041420e-04
9.928036e-05
1.045167e-04
1.023254e-04
9.814572e-05
1.026309e-04
1.011825e-04
1.018393e-04
1.013432e-04
1.037972e-04
1.022065e-04
9.983516e-05
1.008255e-04
1.025953e-04
1.048737e-04
1.026640e-04
1.112640e-04
1.016152e-04
1.027846e-04
1.017714e-04
1.014347e-04
1.005349e-04
1.025312e-04
1.004126e-04
1.019478e-04
1.016729e-04
1.041124e-04
1.018758e-04
1.016967e-04
1.034687e-04
9.980893e-05
9.352469e-05
1.005199e-04
1.006966e-04
1.058636e-04
1.045647e-04
1.014605e-04
1.010432e-04
1.003494e-04
1.042190e-04
1.005986e-04
9.341717e-05
9.979296e-05
1.007466e-04
1.062756e-04
1.028314e-04
1.031759e-04
1.010864e-04
1.017892e-04
1.013212e-04
1.021359e-04
9.714937e-05
1.029105e-04
9.958339e-05
1.054282e-04
1.028812e-04
9.904647e-05
1.039371e-04
1.012385e-04
1.057644e-04
1.024454e-04
1.048028e-04
1.009495e-04
1.026409e-04
1.022613e-04
1.013408e-04
1.028056e-04
1.028049e-04
9.614873e-05
1.027927e-04
1.022859e-04
1.076717e-04
1.021886e-04
1.023490e-04
1.004090e-04
1.019583e-04
1.029825e-04
1.024055e-04
9.602594e-05
1.035612e-04
1.014211e-04
1.068382e-04
9.638190e-05
1.011317e-04
1.033020e-04
1.006942e-04
1.011600e-04
1.015229e-04
1.061563e-04
1.035013e-04
1.021776e-04
1.030126e-04
1.018631e-04
9.999490e-05
1.014621e-04
9.291291e-05
1.015925e-04
1.027296e-04
1.063867e-04
1.019399e-04
1.034420e-04
9.935021e-05
9.832168e-05
1.179907e-04
1.037033e-04
